Z|000000000000000000000000000000000000010000000000000000|000000000000000000000000000000000000000000000000000000000000000000000000|37|32
Z|000000000000000000000000000000000000011000000000000000|000000000000000000000000000000000000000000000000100000000000000000000000|38|33
Z|000000000000000000000000000000000000011000000000000000|000000000000000000000000000000000000000000000000110000000000000000000000|33|27
Z|000000000000000000000000000000000000011000000000000000|000000000000000000000000000000000000000100000000110000000000000000000000|21|27
Z|000000000000000000000000000000000000011000000000000000|000000000000000000000000000000000100000100000000110000000000000000000000|42|37
Z|000000000000000000000000000000000000011000000000000000|000000000000000000000000000000000100000100000000110001000000000000000000|42|46
Z|000000000000000000000000000000000000011000000000000000|000000000000000000000000000000000100000100000000110001000000010000000000|41|46
Z|000000000000000000000000000000000000011000000000000000|000000000000000000000000000000000100000100000000110001000000110000000000|50|46
Z|000000000000000000000000000000000000011000000000000000|000000000000000000000000000000000100000100000000110001000000110001000000|32|26
Z|000000000000000000000000000000000000011000000000000000|000000000000000000000000000000000100001100000000110001000000110001000000|53|50
Z|000000000000000000000000000000000000011000000000000000|000000000000000000000000000000000100001100000000110001000000110001000001|28|33
Z|000000000000000000000000000000000000011000000000000000|000000000000000000000000000000000100001110000000110001000000110001000001|49|53
Z|000000000000000000000000000000000000011000000000000000|000000000000000000000000000000000100001110000000110001000000110001000011|41|36
Z|000000000000000000000000000000000000011000000000000000|000000000000000000000000000000000100001110000000110011000000110001000011|36|30
Z|000000000000000000000000000000000000011000000000000000|000000000000000000000000000000000100001110000100110011000000110001000011|38|43
X|000000000000100000000000000000000000000000000000000000|000000000000000000000000000000000000000000000000000000000000000000000000|12|8
X|000000000000100000000000000000000000000000100000000000|000000000000100000000000000000000000000000000000000000000000000000000000|42|46
X|000000000000100000000000000000000000000000100000000000|000000000000100000000000000000000000000000000000000000000000010000000000|37|42
X|000000000000100000000000000000000000000000100000000000|000000000000100000000000000000000000000000000000000001000000010000000000|12|17
X|000000000000100000000000000000000000000000100000000000|000000000000100000010000000000000000000000000000000001000000010000000000|12|7
X|000000000000100000000000000000000000000000100000000000|000000000001100000010000000000000000000000000000000001000000010000000000|11|7
X|000000000000100000000000000000000000000000100000000000|000000000011100000010000000000000000000000000000000001000000010000000000|16|11
X|000000000000100000000000000000000000000000100000000000|000000100011100000110000000000000000000000000000000001000000010001000000|8|4
X|000000000000100000000000000000000000000000100000000000|000000110011100000110000000000000000000000000000000001000000010001000000|0|3
X|000000000000100000000000000000000000000000100000000000|101000110011110000110000000000000000000000000000000001000000010001000000|16|22
X|000000000000100000000000000000000000000000100000000000|101000110011110000110000100000000000000000000000000001000000010001000000|17|22
X|000000000000000000000000000001000000000000000000000000|000000000000000000000000000000000000000000000000000000000000000000000000|29|23
X|000000000000000000000000000001000100000000000000000000|000000000000000000000000000000000001000000000000000000000000000000000000|33|38
X|000000000000000000000000000001000100000000000000000000|000000000000000000000000000000000001000000000000010000000000000000000000|35|29
X|000000000000000000000000000001000100000000000000000000|000000000000000000000000000000000001000000010000010000000000000000000000|29|34
X|000000000000000000000000000001000100000000000000000000|000000000000000000000000000000000001000000110000010000000000000000000000|23|17
X|000000000000000000000000000001000100000000000000000000|000000000000000000000000001000000001000000110000010000000000000000000000|23|18
X|000000000000000000000000000001000100000000000000000000|000000000000000000000000001100000001000000110000010000000000000000000000|22|17
X|000000000000000000000000000001000100000000000000000000|000000000000000000000000111100000001000100110000010000000000000000000000|24|18
X|000000000000000000100000000001000100000000000000000000|000000000000000000000000111110000001000100110000010000000000000000000000|34|28
X|000000000000000000100000000001000100000000000000000000|000000000000000000000000111110000001000101110000010000000000000000000000|21|27
X|000000000000000000100000000001000100000000000000000000|000000000000000000000000111110000101000101110000010000000000000000000000|18|13
X|000000000000000000100000000001000100000000000000000000|000000000000000000001000111110000101000101110000010000000000000000000000|8|13
X|000000000000000000100000000001000100000000000000000000|000000000000010000001000111110000101000101110000010000000000000000000000|33|28
Z|000010000000000000000000000000000000000000000000000000|000000000000000000000000000000000000000000000000000000000000000000000000|4|8
Z|000010000000000000010000000000000000000000000000000000|000000010000000000000000000000000000000000000000000000000000000000000000|19|25
Z|000010000000000000010000000000000000000000000000000000|000000010000000000000000000000100000000000000000000000000000000000000000|25|20
Z|000010000000000000010000000000000000000000000000000000|000000010000000000000000000000110000000000000000000000000000000000000000|4|0
Z|000010000000000000010000000000000000000000000000000000|010000010000000000000000000000110000000000000000000000000000000000000000|8|13
Z|000010000000000000010000000000000000000000000000000000|010000010000010000000000000000110000000000000000000000000000000000000000|9|13
Z|000010000000000000010000000000000000000000000000000000|010000010000011000000000000000110000000000000000000000000000000000000000|4|1
Z|000010000000000000010000000000000000000000000000000000|011000010000011000000000000000110000000000000000000000000000000000000000|3|0
Z|000010000000000000010000000000000000000000000000000000|111000010000011000000000000000110000000000000000000000000000000000000000|7|3
Z|000010000000000000010000000000000000000000000000000000|111000110000011000000000000000110000000000000000000000000000000000000000|8|12
Z|000010000000000000010000000000000000000000000000000000|111000110000111000000000000000110000000000000000000000000000000000000000|31|25
Z|000010000000000000010000000000000000000000000000000000|111000110000111000000000000000110000010000000000000000000000000000000000|7|12
Z|000010000000000000010000000000000000000000000000000000|111000110001111000000000000000110000010000000000000000000000000000000000|11|7
Z|000010000000000000010000000000000000000000000000000000|111000110011111000000000000000110000010000000000000000000000000000000000|36|31
Z|000010000001000000010000000000000000000000000000000000|111000110011111000000000000000110000010000000010000000000000000000000000|36|30
Z|000000000000000000000000000000000010000000000000000000|000000000000000000000000000000000000000000000000000000000000000000000000|34|28
Z|000000000000000000000010000000000010000000000000000000|000000000000000000000000000000000000000001000000000000000000000000000000|22|16
Z|000000000000000000000010000000000010000000000000000000|000000000000000000000000100000000000000001000000000000000000000000000000|34|29
Z|000000000000000000000010000000000010000000000000000000|000000000000000000000000100000000000000001100000000000000000000000000000|33|28
Z|000000000000000000000010000000000010000000000000000000|000000000000000000000000100000000000000011100000000000000000000000000000|28|22
Z|000000000000000000000010000000000010000000000000000000|000000000000000000000000100000000010000011100000000000000000000000000000|29|35
Z|000000000000000000000010000000000010000000000000000000|000000000000000000000000100000000010000011110000000000000000000000000000|17|22
Z|000000000000000000000010000000000010000000000000000000|000000000000000000000000110000000010000011110000000000000000000000000000|27|33
Z|000000000000000000000010000000000010000000000000000000|000000000000000000000000110000000010000111110000000000000000000000000000|23|29
Z|000000000000000000000010000000000010000000000000000000|000000000000000000000000110000000011000111110000000000000000000000000000|17|12
Z|000000000000000000000010000000000010000000000000000000|000000000000000000010000110000000011000111110000000000000000000000000000|12|7
Z|000000000000000000000010000000000010000000000000000000|000000000001000000010000110000000011000111110000000000000000000000000000|18|23
Z|000000000000000000000010000000000010000000000000000000|000000000001000000010000110100000011000111110000000000000000000000000000|12|8
Z|000000000000000000000010000000000010000000000000000000|000000000001100000010000110100000011000111110000000000000000000000000000|13|8
Z|000000000000000000000010000000000010000000000000000000|000000000001110000010000110100000011000111110000000000000000000000000000|3|7
W|000000000000000000000000000000000000001000000000000000|000000000000000000000000000000000000000000000000000000000000000000000000|38|43
W|000000000000000000000000000000001000001000000000000000|000000000000000000000000000000000000000000000000000000100000000000000000|32|26
W|000000000000000000000000000000001000001000000000000000|000000000000000000000000000000000000001000000000000000100000000000000000|43|39
W|000000000000000000000000000000001000001000000000000000|000000000000000000000000000000000000001000000000000000110000000000000000|34|39
W|000000000000000000000000000000001000001000000000000000|000000000000000000000000000000000000001000000000001000110000000000000000|38|33
W|000000000000000000000000000000001000001000000000000000|000000000000000000000000000000000000001000000000011000110000000000000000|27|33
W|000000000000000000000000000000001000001000000000000000|000000000000000000000000000000000000001100000000011000110000000000000000|43|47
W|000000000000000000000000000000001000001000000000000000|000000000000000000000000000000000000001100000000011000110000001000000000|21|27
W|000000000000000000000000000000001000001000000000000000|000000000000000000000000000000000100001100000000011000110000001000000000|28|33
W|000000000000000000000000000000001000001000000000000000|000000000000000000000000000000000100001110000000011000110000001000000000|37|32
W|000000000000000000000000000000001000001000000000000000|000000000000000000000000000000000100001110000000111000110000001000000000|51|47
W|000000000000000000000000000000001000001000000000000000|000000000000000000000000000000000100001110000000111000110000001000100000|29|34
W|000000000000000000000000000000001000001000000000000000|000000000000000000000000000000000100001110100000111000110000001000100000|22|28
W|000000000000000000000000000000001000001000000000000000|000000000000000000000000000000000110001110100000111000110000001000100000|16|22
W|000000000000000000000000000000001000001000000000000000|000000000000000000000000100000000110001110100000111000110000001000100000|29|35
Y|000000000000000000000000100000000000000000000000000000|000000000000000000000000000000000000000000000000000000000000000000000000|24|30
Y|000000000000100000000000100000000000000000000000000000|000000000000000000000000000000000000100000000000000000000000000000000000|12|7
Y|000000000000100000000000100000000000000000000000000000|000000000001000000000000000000000000100000000000000000000000000000000000|30|36
Y|000000000000100000000000100000000000000000000000000000|000000000001000000000000000000000000100000000100000000000000000000000000|31|36
Y|000000000000100000000000100000000000000000000000000000|000000000001000000000000000000000000100000000110000000000000000000000000|8|12
Y|000000000000100000000000100000000000000000000000000000|000000000001100000000000000000000000100000000110000000000000000000000000|8|4
Y|000000000000100000000000100000000000000000000000000000|000000010001100000000000000000000000100000000110000000000000000000000000|7|3
Y|000000000000100000000000100000000000000000000000000000|000000110001100000000000000000000000100000000110000000000000000000000000|13|8
Y|000000000000100000000000100000000000000000000000000000|000000110001110000000000000000000000100000000110000000000000000000000000|25|31
Y|000000000000100000000000100000000000000000000000000000|000000110001110000000000000000000000110000000110000000000000000000000000|25|19
Y|000000000000100000000000100000000000000000000000000000|000000110001110000000000000000100000110000000110000000000000000000000000|18|13
Y|000000000000100000000000100000000000000000000000000000|000000110001110000001000000000100000110000000110000000000000000000000000|18|24
Y|000000000000100000000000100000000000000000000000000000|000000110001110000001000000010100000110000000110000000000000000000000000|4|0
Y|000000000000100000000000100000000000000000000000000000|010000110001110000001000000010100000110000000110000000000000000000000000|20|25
Y|000000000000100000000000100000000000000000000000000000|010000110001110000001000000010110000110000000110000000000000000000000000|23|18
Y|000000000000000000000000100000000000000000000000000000|000000000000000000000000000000000000000000000000000000000000000000000000|24|30
Y|000000000000000000000000100000000001000000000000000000|000000000000000000000000000000000000100000000000000000000000000000000000|35|40
Y|000000000000000000000000100000000001000000000000000000|000000000000000000000000000000000000100000000000000100000000000000000000|44|40
Y|000000000000000000000000100000000001000000000000000000|000000000000000000000000000000000000100000000000000100000100000000000000|44|39
Y|000000000000000000000000100000000001000000000000000000|000000000000000000000000000000000000100000000000000100001100000000000000|29|35
Y|000000000000000000000000100000000001000000000000000000|000000000000000000000000000000000000100000010000000100001100000000000000|36|30
Y|000000000000000000000000100000000001000000000000000000|000000000000000000000000000000000000100000010100000100001100000000000000|35|30
Y|000000000000000000000000100000000001000000000000000000|000000000000000000000000000000000000100000011100000100001100000000000000|29|23
Y|000000000000000000000000100000000001000000000000000000|000000000000000000000000000000000001100000011100000100001100000000000000|29|34
Y|000000000000000000000000100000000001000000000000000000|000000000000000000000000000000000001100000111100000100001100000000000000|39|43
Y|000000000000000000000000100000000001000000000000000000|000000000000000000000000000000000001100000111100000100011100000000000000|17|23
Y|000000000000000000000000100000000001000000000000000000|000000000000000000000000001000000001100000111100000100011100000000000000|34|28
Y|000000000000000000000000100000000001000000000000000000|000000000000000000000000001000000001100001111100000100011100000000000000|23|18
Y|000000000000000000000000100000000001000000000000000000|000000000000000000000000001100000001100001111100000100011100000000000000|24|18
Y|000000000000000000000000100000000001000000000000000000|000000000000000000000000001110000001100001111100000100011100000000000000|48|44
Y|000000000000000010000000000000000000000000000000000000|000000000000000000000000000000000000000000000000000000000000000000000000|16|22
Y|000000000100000010000000000000000000000000000000000000|000000000000000000000000100000000000000000000000000000000000000000000000|9|13
Y|000000000100000010000000000000000000000000000000000000|000000000000001000000000100000000000000000000000000000000000000000000000|11|16
Y|000000000100000010000000000000000000000000000000000000|000000000000001000101001100000000000000000000000000000000000000000000000|14|9
Y|000000000100000010000000000000000000000000000000000000|000000000000001100101001100000000000000000000000000000000000000000000000|14|10
Y|000000000100000010000000000000000000000000000000000000|000000000000001110101001100000000000000000000000000000000000000000000000|14|19
Y|000000000100000010000000000000000000000000000000000000|000000000000001110101101100000000000000000000000000000000000000000000000|27|21
Y|000000000100000010000000000000000000000000000000000000|000000000000001110101101100000000100000000000000000000000000000000000000|11|7
Y|000000000100000010000000000000000000000000000000000000|000000000010001110101101100000000100000000000000000000000000000000000000|7|12
Y|000000000100000010000000000000000000000000000000000000|000000000011001110101101100000000100000000000000000000000000000000000000|23|18
Y|000000000100000010000000000000000000000000000000000000|000000000011001110101101100100000100000000000000000000000000000000000000|3|7
Y|000000000100000010000000000000000000000000000000000000|000000100011001110101101100100000100000000000000000000000000000000000000|8|13
Y|000000000100000010000000000000000000000000000000000000|000000100011011110101101100100000100000000000000000000000000000000000000|4|8
Z|000000000000000000000100000000000000000000000000000000|000000000000000000000000000000000000000000000000000000000000000000000000|21|16
Z|000000000000000000000100000000000000000000001000000000|000000000000000000000001000000000000000000000000000000000000000000000000|44|48
Z|000000000000000000000100000000000000000000001000000000|000000000000000000000001000000000000000000000000000000000000000100000000|16|11
Z|000000000000000000000100000000000000000000001000000000|000000000000000000100001000000000000000000000000000000000000000100000000|51|48
Z|000000000000000000000100000000000000000000001000000000|000000000000000000100001000000000000000000000000000000000000000100010000|47|51
Z|000000000000000000000100000000000000000000001000000000|000000000000000000100001000000000000000000000000000000000000000100110000|52|48
Z|000000000000000000000100000000000000000000001000000000|000000000000000000100001000000000000000000000000000000000000000100111000|44|40
Z|000000000000000000000100000000000000000000001000000000|000000000000000000100001000000000000000000000000000000000100000100111000|45|40
Z|000000000000000000000100000000000000000000001000000000|000000000000000000100001000000000000000000000000000000000110000100111000|45|49
Z|000000000000000000000100000000000000000000001000000000|000000000000000000100001000000000000000000000000000000000110000110111000|41|45
Z|000000000000000000000100000000000000000000001000000000|000000000000000000100001000000000000000000000000000000000111000110111000|40|35
Z|000000000000000000000100000000000000000000001000000000|000000000000000000100001000000000000000000000000000100000111000110111000|49|53
Z|000000000000000000000100000000000000000000001000000000|000000000000000000100001000000000000000000000000000100000111000110111010|29|35
Z|000000000000000000000100000000000000000000001000000000|000000000000000000100001000000000000000000010000000100000111000110111010|43|47
Z|000000000000000000000100000000000000000000001000000000|000000000000000000100001000000000000000000010000000100000111001110111010|43|39
Y|000000000000000000000000000000000000000000000000000010|000000000000000000000000000000000000000000000000000000000000000000000000|52|48
Y|000000000000000000000000000000000000000000000000000110|000000000000000000000000000000000000000000000000000000000000000000001000|51|48
Y|000000000000000000000000000000000000000000000000000110|000000000000000000000000000000000000000000000000000000000000000000011000|48|44
Y|000000000000000000000000000000000000000000000000000110|000000000000000000000000000000000000000000000000000000000000000100011000|47|51
Y|000000000000000000000000000000000000000000000000000110|000000000000000000000000000000000000000000000000000000000000000100111000|40|44
Y|000000000000000000000000000000000000000000000000000110|000000000000000000000000000000000000000000000000000000000100000100111000|40|35
Y|000000000000000000000000000000000000000000000000000110|000000000000000000000000000000000000000000000000000100000100000100111000|52|49
Y|000000000000000000000000000000000000000000000000000110|000000000000000000000000000000000000000000000000000100000100000100111100|49|45
Y|000000000000000000000000000000000000000000000000000110|000000000000000000000000000000000000000000000000000100000100000110111100|41|45
Y|000000000000000000000000000000000000000000000000000110|000000000000000000000000000000000000000000000000000100000101000110111100|39|44
Y|000000000000000000000000000000000000000000000000000110|000000000000000000000000000000000000000000000000000100001101000110111100|35|30
Y|000000000000000000000000000000000000000000000000000110|000000000000000000000000000000000000000000001000000100001101000110111100|40|45
Y|000000000000000000000000000000000000000000000000000110|000000000000000000000000000000000000000000001000000100001111000110111100|24|30
Y|000000000000000000000000000000000000000000000000000110|000000000000000000000000000000000000100000001000000100001111000110111100|19|24
Y|000000000000000000000000000000000000000000000000000110|000000000000000000000000000001000000100000001000000100001111000110111100|19|14
Z|000000000000000100000000000000000000000000000000000000|000000000000000000000000000000000000000000000000000000000000000000000000|15|20
Z|000000000000000100000000000001000000000000000000000000|000000000000000000000010000000000000000000000000000000000000000000000000|29|35
Z|000000000000000100000000000001000000000000000000000000|000000000000000000000010000000000000000000010000000000000000000000000000|35|30
Z|000000000000000100000000000001000000000000000000000000|000000000000000000000010000000000000000000011000000000000000000000000000|30|24
Z|000000000000000100000000000001000000000000000000000000|000000000000000000000010000000001000100000111100001000000000000000000000|41|36
Z|000000000000000100000000000001000000000000000000000000|000000000000000000000010000000001000100000111100001010000000000000000000|39|44
Z|000000000000000100000000000001000000000000000000000000|000000000000000000000010000000001000100000111100001010001000000000000000|48|44
Z|000000000000000100000000000001100000000000000000000000|000000000000000000000010000000001000100000111100001010001000000100000000|51|48
Z|000000000000000100000000000001100000000000000000000000|000000000000000000000010000000001000100000111100001010001000000100010000|35|40
Z|000000000000000100000000000001100000000000000000000000|000000000000000000000010000000001000100000111100001110001000000100010000|41|46
Z|000000000000000100000000000001100000000000000000000000|000000000000000000000010000000001000100000111100001110001000100100010000|23|29
W|000000000000000000000000000000000001000000000000000000|000000000000000000000000000000000000000000000000000000000000000000000000|35|30
W|000000000000000000000000000000000001100000000000000000|000000000000000000000000000000000000000000001000000000000000000000000000|36|41
W|000000000000000000000000000000000001100000000000000000|000000000000000000000000000000000000000000001000000010000000000000000000|36|30
W|000000000000000000000000000000000001100000000000000000|000000000000000000000000000000000000100000001100000010000000100000000000|35|40
W|000000000000000000000000000000000001100000000000000000|000000000000000000000000000000000000100000001100000110000000100000000000|24|18
W|000000000000000000000000000000000001100000000000000000|000000000000000000000000000010000000100000001100000110000000100000000000|19|24
W|000000000000000000000000000000000001100000000000000000|000000000000000000000000000011000000100000001100000110000000100000000000|19|25
W|000000000000000000000000000000000001100000000000000000|000000000000000000000000000011100000100000001100000110000000100000000000|13|18
W|000000000000000000000000000000000001100000000000000000|000000000000000000001000000011100000100000001100000110000000100000000000|31|36
W|000000000000000000000000000000000001100000000000000000|000000000000000000001000000011100000100000001110000110000000100000000000|40|45
W|000000000000000000000000000000000001100000000000000000|000000000000000000001000000011100000100000001110000110000010100000000000|45|41
W|000000000000000000000000000000000001100000000000000000|000000000000000000001000000011100000100000001110000110000011100000000000|18|23
W|000000000000000000000000000000000001100000000000000000|000000000000000000001000000111100000100000001110000110000011100000000000|14|19
Z|000000000001000000000000000000000000000000000000000000|000000000000000000000000000000000000000000000000000000000000000000000000|11|16
Z|000000000001000000000000000000000010000000000000000000|000000000000000000100000000000000000000000000000000000000000000000000000|34|39
Z|000000000001000000000000000000000010000000000000000000|000000000000000000100000000000000000000000000000001000000000000000000000|44|39
Z|000000000001000000000000000000000010000000000000000000|000000000000000000100000000000000000000000000000001000001000000000000000|22|16
Z|000000000001000000000000000000000010000000000000000000|000000000000000000100000100000000000000000000000001000001000000000000000|17|22
Z|000000000001000000000000000000000010000000000000000000|000000000000000000100000110000000000000000000000001000001000000000000000|23|17
Z|000000000001000000000000000000000010000000000000000000|000000000000000000100000111000000000000000000000001000001000000000000000|34|28
Z|000000000001000000000000000000000010000000000000000000|000000000000000000100000111000000000000001000000001000001000000000000000|40|44
Z|000000000001000000000000000000000010000000000000000000|000000000000000000100000111000000000000001000000001000001100000000000000|23|29
Z|000000000001000000000000000000000010000000000000000000|000000000000000000100000111000000001000001000000001000001100000000000000|43|39
Z|000000000001000000000000000000000010000000000000000000|000000000000000000100000111000000001000001000000001000011100000000000000|40|35
Z|000000000001000000000000000000000010000000000000000000|000000000000000000100000111000000001000001000000001100011100000000000000|28|22
Z|000000000001000000000000000000000010000000000000000000|000000000000000000100000111000000011000001000000001100011100000000000000|16|21
Z|000000000001000000000000000000000010000000000000000000|000000000000000000100001111000000011000001000000001100011100000000000000|29|34
Z|000000000001000000000000000000000010000000000000000000|000000000000000000100001111000000011000001100000001100011100000000000000|29|35
W|000000000000000000000000000000000000000000001000000000|000000000000000000000000000000000000000000000000000000000000000000000000|44|40
W|000000010000000000000000000000000000000000001000000000|000000000000000000000000000000000000000000000000000000000100000000000000|7|12
W|000000010000000000000000000000000000000000001000000000|000000000001000000000000000000000000000000000000000000000100000000000000|40|45
W|000000010000000000000000000000000000000000001000000000|000000100001100000000000000000000000000000000000000000000110000000000000|0|3
W|000000010000000000000000000000000000000000001000000000|100000100001100000000000000000000000000000000000000000000110000000000000|8|4
W|000000010000000000000000000000000000000000001000000000|100000110001100000000000000000000000000000000000000000000110000000000000|44|39
W|000000010000000000000000000000000000000000001000000000|100000110001100000000000000000000000000000000000000000001110000000000000|48|44
W|000000010000000000000000000000000000000000001000000000|100000110011100000000000000000000000000000000000000100001110000100000000|8|13
W|000000010000000000000000000000000000000000001000000000|100000110011110000000000000000000000000000000000000100001110000100000000|12|17
W|000000010000000000000000000000000000000000001000000000|100000110011110000010000000000000000000000000000000100001110000100000000|0|4
W|000000010000000000000000000000000000000000001000000000|110000110011110000010000000000000000000000000000000100001110000100000000|39|43
