X|000000000000000000010000000000000000000000000000000000|000000000000000000000000000000000000000000000000000000000000000000000000|19|24
W|000000000000000000000000000000100000000000000000000000|000000000000000000000000000000000000000000000000000000000000000000000000|30|36
W|000000000000010000000000000000100000000000000000000000|000000000000000000000000000000000000000000000100000000000000000000000000|13|9
X|000000000000000000010010000000000000000000000000000000|000000000000000000000000000001000000000000000000000000000000000000000000|22|28
W|000000000000010000000000000000100000000000000000000000|000000000000001000000000000000000000000000000100000000000000000000000000|30|24
X|000000000000000000010010000000000000000000000000000000|000000000000000000000000000001000010000000000000000000000000000000000000|24|18
W|000000000000010000000000000000100000000000000000000000|000000000000001000000000000000000000100000000100000000000000000000000000|18|13
X|000000000000000000010010000000000000000000000000000000|000000000000000000000000000011000010000000000000000000000000000000000000|16|22
X|000000000000000000010010000000000000000000000000000000|000000000000000000000000100011000010000000000000000000000000000000000000|14|19
X|000000000000000000010010000000000000000000000000000000|000000000000000000000100100011000010000000000000000000000000000000000000|22|17
X|000000000000000000010010000000000000000000000000000000|000000000000000000000100110011000010000000000000000000000000000000000000|17|12
X|000000000000000000010010000000000000000000000000000000|000000000000000000010100110011000010000000000000000000000000000000000000|25|19
W|000000000000010000000000000000100000000000000000000000|000000000000001000001000000000000000100000000100000000000000000000000000|23|18
X|000000000000000000010010000000000000000000000000000000|000000000000000000010100110011100010000000000000000000000000000000000000|12|7
X|000000000000000000010010000000000000000000000000000000|000000000001000000010100110011100010000000000000000000000000000000000000|3|7
X|000000000000000000010010000000000000000000000000000000|000000100001000000010100110011100010000000000000000000000000000000000000|0|3
X|000000000000000000010010000000000000000000000000000000|100000100001000000010100110011100010000000000000000000000000000000000000|28|34
X|000000000000000000010010000000000000000000000000000000|100000100001000000010100110011100010000001000000000000000000000000000000|7|11
X|000000000000000000010010000000000000000000000000000000|100000100011000000010100110011100010000001000000000000000000000000000000|34|39
W|000000000000010000000000000000100000000000000000000000|000000001000011000001000000100000000100000000100000000000000000000000000|5|1
X|000000000000000000010010000000000000000000000000000000|100000100011000000010100110011100010000001000000001000000000000000000000|14|10
W|000000000000010000000000000000100000000000000000000000|000100001000011000001000000100000000100000000100000000000000000000000000|29|23
W|000000000000010000000000000000100000000000000000000000|000110001000011000001000000100000001100000000100000010000000000000000000|4|1
W|000000000000010000000000000000100000000000000000000000|001110001000011000001000000100000001100000000100000010000000000000000000|31|36
W|000000000000010000000000000000100000000000000000000000|001110001000011000001000000100000001100000000110000010000000000000000000|6|2
W|000000000000010000000000000000100000000000000000000000|001111001000011000001000000100000001100000000110000010000000000000000000|41|45
X|000000000000000000000000000000000000000000001000000000|000000000000000000000000000000000000000000000000000000000000000000000000|44|40
W|000000100000000000000000000000000000000000000000000000|000000000000000000000000000000000000000000000000000000000000000000000000|6|10
W|000000100000000000000000000000000100000000000000000000|000000000100000000000000000000000000000000000000000000000000000000000000|33|27
X|000000000000000000000000000000000000000000001000000001|000000000000000000000000000000000000000000000000000000000100000000000000|53|50
W|000000100000000000000000000000000100000000000000000000|000000000100000000000000000000000000000100000000000000000000000000000000|28|33
W|000000100000000000000000000000000100000000000000000000|000000000100000000000000000000000000000110000000000000000000000000000000|28|34
W|000000100000000000000000000000000100000000000000000000|000000000100000000000000000000000000000111000000000000000000000000000000|15|10
W|000000100000000000000000000000000100000000000000000000|000000000100000001000000000000000000000111000000000000000000000000000000|21|27
X|000000000000000000000000000000000000000000001000000001|000000000000000000000000000000000000000000000000000000000100000000000001|40|45
W|000000100000000000000000000000000100000000000000000000|000000000100000001000000000000000100000111000000000000000000000000000000|38|33
W|000000100000000000000000000000000100000000000000000000|000000000100000001000000000000000100000111000000010000000000000000000000|34|29
W|000000100000000000000000000000000100000000000000000000|000000000100000001000000000000000100000111100000010000000000000000000000|21|16
X|000000000000000000000000000000000000000000001000000001|000000000000000000000000000000000000000000000000000000000110000011000001|41|45
W|000000100000000000000000000000000100000000000000000000|000000000100000001000001000000000100000111100000010000000000000000000000|39|34
W|000000100000000000000000000000000100000000000000000000|000000000100000001000001000000000100000111100000011000000000000000000000|29|35
W|000000100000000000000000000000000100000000000000000000|000000000100000001000001000000000100000111110000011000000000000000000000|2|6
X|000000000000000000000000000000000000000000001000000001|000000000000000000000000000000000000000000000000000000000111000011000001|39|44
W|000000100000000000000000000000000100000000000000000000|000001000100000001000001000000000100000111110000011000000000000000000000|14|10
W|000000100000000000000000000000000100000000000000000000|000001000100000011000001000000000100000111110000011000000000000000000000|14|9
W|000000100000000000000000000000000100000000000000000000|000001000100000111000001000000000100000111110000011000000000000000000000|15|20
X|000000000000000000000000000000000000000000001000000001|000000000000000000000000000000000000000000000000000000001111000011000001|41|46
X|000000000000000000000000000000000000000000001000000001|000000000000000000000000000000000000000000000000000000001111100011000001|35|40
X|000000000000000000000000000000000000000000001000000001|000000000000000000000000000000000000000000000000000100001111100011000001|46|42
X|000000000000000000000000000000000000000000001000000001|000000000000000000000000000000000000000000000000000100001111110011000001|53|49
W|000000000000000000100000000000000000000000000000000000|000000000000000000000000000000000000000000000000000000000000000000000000|18|23
X|000000000000000000000000000000000001000000000000000000|000000000000000000000000000000000000000000000000000000000000000000000000|35|30
X|000000000000000000000000000000000001000000000001000000|000000000000000000000000000000000000000000001000000000000000000000000000|47|43
W|000000000000000001100000000000000000000000000000000000|000000000000000000000000000100000000000000000000000000000000000000000000|17|12
X|000000000000000000000000000000000001000000000001000000|000000000000000000000000000000000000000000001000000000000000001000000000|43|39
W|000000000000000001100000000000000000000000000000000000|000000000000000000010000000100000000000000000000000000000000000000000000|17|22
W|000000000000000001100000000000000000000000000000000000|000000000000000000010000010100000000000000000000000000000000000000000000|29|23
W|000000000000000001100000000000000000000000000000000000|000000000000000000010000010100000001000000000000000000000000000000000000|8|12
W|000000000000000001100000000000000000000000000000000000|000000000000100000010000010100000001000000000000000000000000000000000000|18|24
W|000000000000000001100000000000000000000000000000000000|000000000000100000010000010110000001000000000000000000000000000000000000|23|17
X|000000000000000000000000000000000001000000000001000000|000000000000000000000000000000000000000000001000000000010000001000000000|30|36
W|000000000000000001100000000000000000000000000000000000|000000000000100000010000011110000001000000000000000000000000000000000000|30|24
W|000000000000000001100000000000000000000000000000000000|000000000000100000010000011110000001100000000000000000000000000000000000|12|7
X|000000000000000000000000000000000001000000000001000000|000000000000000000000000000000000000000000001100000000010000001000000000|51|47
W|000000000000000001100000000000000000000000000000000000|000000000001110000010000111110000001100000000000000000000000000000000000|13|9
X|000000000000000000000000000000000001000000000001000000|000000000000000000000000000000000000000000001100000000010000001000100000|39|34
W|000000000000000001100000000000000000000000000000000000|000000000001111000010000111110000001100000000000000000000000000000000000|13|18
W|000000000000000001100000000000000000000000000000000000|000000000001111000011000111110000001100000000000000000000000000000000000|14|9
W|000000000000000001100000000000000000000000000000000000|000000000001111100011000111110000001100000000000000000000000000000000000|16|11
X|000000000000000000000000000000000001000000000001000000|000000000000000000000000000000000000000000001100001000010000001000100000|48|51
X|000000000000000000000000000000000001000000000001000000|000000000000000000000000000000000000000000001100001000010000001000110000|43|38
X|000000000000000000000000000000000000000000000100000000|000000000000000000000000000000000000000000000000000000000000000000000000|45|41
W|000000000000000000000000000000000001000000000000000000|000000000000000000000000000000000000000000000000000000000000000000000000|35|29
W|010000000000000000000000000000000001000000000000000000|000000000000000000000000000000000000000000010000000000000000000000000000|1|4
X|000000000000000000001000000000000000000000000100000000|000000000000000000000000000000000000000000000000000000000001000000000000|20|26
W|010000000000000000000000000000000001000000000000000000|001000000000000000000000000000000000000000010000000000000000000000000000|1|5
W|010000000000000000000000000000000001000000000000000000|001100000000000000000000000000000000000000010000000000000000000000000000|23|29
X|000000000000000000001000000000000000000000000100000000|000000000000000000000000000000001000000000000000000000000001000000000000|20|25
W|010000000000000000000000000000000001000000000000000000|001100000000000000000000000000000001000000010000000000000000000000000000|35|40
W|010000000000000000000000000000000001000000000000000000|001100000000000000000000000000000001000000010000000100000000000000000000|4|0
W|010000000000000000000000000000000001000000000000000000|011100000000000000000000000000000001000000010000000100000000000000000000|0|3
W|010000000000000000000000000000000001000000000000000000|111100000000000000000000000000000001000000010000000100000000000000000000|35|30
X|000000000000000000001000000000000000000000000100000000|000000000000000000000000000000011000000000000000000000000011000010000000|36|41
W|010000000000000000000000000000000001000000000000000000|111100000000000000000000000000000001000000011000000100000000000000000000|23|17
W|010000000000000000000000000000000001000000000000000000|111100000000000000000000001000000001000000011000000100000000000000000000|3|7
W|010000000000000000000000000000000001000000000000000000|111100100000000000000000001000000001000000011000000100000000000000000000|18|23
W|010000000000000000000000000000000001000000000000000000|111100100000000000000000001100000001000000011000000100000000000000000000|7|12
W|010000000000000000000000000000000001000000000000000000|111100100001000000000000001100000001000000011000000100000000000000000000|12|8
W|010000000000000000000000000000000001000000000000000000|111100100001100000000000001100000001000000011000000100000000000000000000|11|7
X|000000000000000000001000000000000000000000000100000000|000000000000000000000000000000011000010000000000000010000011000010000100|19|25
W|010000000000000000000000000000000001000000000000000000|111100100011100000000000001100000001000000011000000100000000000000000000|24|18
X|000000000000000000001000000000000000000000000100000000|000000000000000000000000000000111000010000000000000010000011000010000100|36|31
X|000000000000000000001000000000000000000000000100000000|000000000000000000000000000000111000010000000010000010000011000010000100|31|37
X|000000000000000000001000000000000000000000000100000000|000000000000000000000000000000111000010000000011000010000011000010000100|32|37
X|000000000000000000001000000000000000000000000100000000|000000000000000000000000000000111000010000000011100010000011000010000100|32|26
X|000000000000000000001000000000000000000000000100000000|000000000000000000000000000000111000011000000011100010000011000010000100|14|19
W|000000010000000000000000000000000000000000000000000000|000000000000000000000000000000000000000000000000000000000000000000000000|7|12
X|000000000000000000000010000000000000000000000000000000|000000000000000000000000000000000000000000000000000000000000000000000000|22|16
Y|010000000000000000000000000000000000000000000000000000|000000000000000000000000000000000000000000000000000000000000000000000000|1|5
Z|000000000000000000000001000000000000000000000000000000|000000000000000000000000000000000000000000000000000000000000000000000000|23|18
Z|000000000000000000000001000000000000000010000000000000|000000000000000000000000000100000000000000000000000000000000000000000000|40|45
Y|010000000000000000000000000000000000001000000000000000|000100000000000000000000000000000000000000000000000000000000000000000000|38|43
X|000000000000000000000010000000000000000100000000000000|000000000000000000000000100000000000000000000000000000000000000000000000|39|43
W|000000010000000000000000001000000000000000000000000000|000000000001000000000000000000000000000000000000000000000000000000000000|26|20
Z|000000000000000000000001000000000000000010000000000000|000000000000000000000000000100000000000000000000000000000010000000000000|23|17
Z|000000000000000000000001000000000000000010000000000000|000000000000000000000000001100000000000000000000000000000010000000000000|29|23
X|000000000000000000000010000000000000000100000000000000|000000000000000000000000100000000000000000000000000000010000000000000000|16|21
Z|000000000000000000000001000000000000000010000000000000|000000000000000000000000001100000001000000000000000000000010000000000000|29|34
X|000000000000000000000010000000000000000100000000000000|000000000000000000000001110000000000000000000000000000010000001000000000|16|11
X|000000000000000000000010000000000000000100000000000000|000000000000000000100001110000000000000000000000000000010000001000000000|17|12
W|000000010000000000000000001000000000000000000000000000|000000000001000000000000000000001000000000000000000000000000000000000000|32|26
Y|010000000000000000000000000000000000001000000000000000|000100000000000000000000000000000000000000000000000000100000000000000000|2|5
Y|010000000000000000000000000000000000001000000000000000|000110000000000000000000000000000000000000000000000000100000000000000000|1|4
X|000000000000000000000010000000000000000100000000000000|000000000000000000110001110000000000000000000000000000010000001000000000|44|39
W|000000010000000000000000001000000000000000000000000000|000000000001000000000000000000001000001000000000000000000000000000000000|20|15
Z|000000000000000000000001000000000000000010000000000000|000000000000000000001000001100000001000000100000000100000010000000000000|41|45
X|000000000000000000000010000000000000000100000000000000|000000000000000000110001110000000000000000000000000000011000001000000000|48|44
Z|000000000000000000000001000000000000000010000000000000|000000000000000000001000001100000001000000100000000100000011000000000000|30|35
Y|010000000000000000000000000000000000001000000000000000|001110000000000000000000000000000000000000000000000000100000000000000000|5|9
W|000000010000000000000000001000000000000000000000000000|000000000001000000000010000000001000001000000000000000000000000000000000|8|12
Y|010000000000000000000000000000000000001000000000000000|001110001000000000000000000000000000000000000000000000100000000000000000|2|6
Z|000000000000000000000001000000000000000010000000000000|000000000000000000001000001100000001000000101000000100000011000000000000|35|29
W|000000010000000000000000001000000000000000000000000000|000000000001100000000010000000001000001000000000000000000000000000000000|3|7
Z|000000000000000000000001000000000000000010000000000000|000000000000000000001000001100000001000000111000000100000011000000000000|9|13
W|000000010000000000000000001000000000000000000000000000|000000100001100000000010000000001000001000000000000000000000000000000000|4|8
W|000000010000000000000000001000000000000000000000000000|000000110001100000000010000000001000001000000000000000000000000000000000|11|7
Z|000000000000000000000001000000000000000010000000000000|000000000000001000001000001100000001000000111000000100000011000000000000|30|24
X|000000000000000000000010000000000000000100000000000000|000000000000000000110001110000000000000000000000000000011000001100000000|44|40
W|000000010000000000000000001000000000000000000000000000|000000110011100000000010000000001000001000000000000000000000000000000000|15|10
Z|000000000000000000000001000000000000000010000000000000|000000000000001000001000001100000001100000111000000100000011000000000000|34|28
Z|000000000000000000000001000000000000000010000000000000|000000000000001000001000001100000001100001111000000100000011000000000000|30|36
Y|010000000000000000000000000000000000001000000000000000|001111001000000000000000000000000000000000000000000000100000000000000000|33|38
W|000000010000000000000000001000000000000000000000000000|000000110011100001000010000000001000001000000000000000000000000000000000|4|0
X|000000000000000000000010000000000000000100000000000000|000000000000000000110001110000000000000000000000000000011100001100000000|52|48
X|000000000000000000000010000000000000000100000000000000|000000000000000000110001110000000000000000000000000000011100001100001000|48|51
Z|000000000000010000000001000000000000000010000000000000|000000000000001000001000001100000001100001111100000100000011000000000000|24|18
X|000000000000000000000010000000000000000100000000000000|000000000000000000110001110000000000000000000000000000011100001100011000|21|27
X|000000000000000000000010000000000000000100000000000000|000000000000000000110001110000000100000000000000000000011100001100011000|34|39
Y|000000000000000000000010000000000000000000000000000000|000000000000000000000000000000000000000000000000000000000000000000000000|22|16
Z|000000000000000000000100000000000000000000000000000000|000000000000000000000000000000000000000000000000000000000000000000000000|21|16
W|000000000000000000000000000000000000000000000000000010|000000000000000000000000000000000000000000000000000000000000000000000000|52|49
X|000000000000000000000000000000000000100000000000000000|000000000000000000000000000000000000000000000000000000000000000000000000|36|41
X|000000000000000000000000000000001000100000000000000000|000000000000000000000000000000000000000000000000000010000000000000000000|32|26
W|000000000000000000000000000000000000000000100000000010|000000000000000000000000000000000000000000000000000000000000000000000100|42|46
Z|000000000000000000000100010000000000000000000000000000|000000000000000000000001000000000000000000000000000000000000000000000000|25|19
Y|010000000000000000000010000000000000000000000000000000|000000000000000000000000100000000000000000000000000000000000000000000000|1|4
Z|000000000000000000000100010000000000000000000000000000|000000000000000000000001000000100000000000000000000000000000000000000000|19|24
Z|000000000000000000000100010000000000000000000000000000|000000000000000000000001000001100000000000000000000000000000000000000000|25|31
Z|000000000000000000000100010000000000000000000000000000|000000000000000000000001000001100000010000000000000000000000000000000000|25|20
X|000000000000000000000000000000001000100000000000000000|000000000000000000000000000000000000001000000000000010000000000000000000|45|41
W|000000000000000000000000000000000000000000100000000010|000000000000000000000000000000000000000000000000000000000000010000000100|49|45
Z|000000000000000000000100010000000000000000000000000000|000000000000000000000001000001110000010000000000000000000000000000000000|24|18
X|000000000000000000000000000000001000100000000000000000|000000000000000000000000000000000000001000000000000010000001000000000000|37|32
X|000000000000000000000000000000001000100000000000000000|000000000000000000000000000000000000001000000000100010000001000000000000|37|31
Z|000000000000000000000100010000000000000000000000000000|000000000000000000000001000011110000010000000000000000000000000000000000|30|24
X|000000000000000000000000000000001000100000000000000000|000000000000000000000000000000000000001000000001100010000001000000000000|45|40
X|000000000000000000000000000000001000100000000000000000|000000000000000000000000000000000000001000000001100010000011000000000000|46|41
X|000000000000000000000000000000001000100000000000000000|000000000000000000000000000000000000001000000001100010000011100000000000|20|26
Z|000000000000000000000100010000000000000000000000000000|000000000000000000000001000011110000110000000000000000000000000000000000|15|20
X|000000000000000000000000000000001000100000000000000000|000000000000000000000000000000001000001000000001100010000011100000000000|37|42
Z|000000000000000000000100010000000000000000000000000000|000000000000000000000011000011110000110000000000000000000000000000000000|30|36
X|000000000000000000000000000000001000100000000000000000|000000000000000000000000000000001000001000000001100011000011100000000000|36|31
Z|000000000000000000000100010000000000000000000000000000|000000000000000000000011000011110000110000000100000000000000000000000000|14|19
X|000000000000000000000000000000001000100000000000000000|000000000000000000000000000000001000001000000011100011000011100000000000|44|40
X|000000000000000000000000000000001000100000000000000000|000000000000000000000000000000001000001000000011100011000111100000000000|46|50
X|000000000000000000000000000000001000100000000000000000|000000000000000000000000000000001000001000000011100011000111100001000000|50|53
X|000000000000000000000000000000001000100000000000000000|000000000000000000000000000000001000001000000011100011000111100001000001|39|44
X|000000000000000000000000000000001000100000000000000000|000000000000000000000000000000001000001000000011100011001111100001000001|39|34
Z|000000000000000000000100010000000000000000000000000000|000000000000000000000111000011110000110000000100000000000000000000000000|13|18
Z|000000000000000000000100010000000000000000000000000000|000000000000000000001111000011110000110000000100000000000000000000000000|11|16
Z|000000000000000000000100010000000000000000000000000000|000000000000000000101111000011110000110000000100000000000000000000000000|14|9
W|000000000000000000000000000000000000000000100000000010|000000000000000000000000000000000000000000000000000000000000010010000100|53|49
W|000000000000000000000000000000000000000000100000000010|000000000000000000000000000000000000000000000000000000000000010010000110|48|52
Z|000000000000000000000100010000000000000000000000000000|000000000000000100101111000011110000110000000100000000000000000000000000|35|30
Z|000000000000000000000100010000000000000000000000000000|000000000000000100101111000011110000110000001100000000000000000000000000|13|9
W|000000000000000000000000000000000000000000100000000010|000000000000000000000000000000000000000000000000000000000000010010001110|48|51
W|000000000000000000000000000000000000000000100000000110|000000000000000000000000000000000000000000000000000000000000010010011110|51|47
W|000000000000000000000000000000000000000000100000000110|000000000000000000000000000000000000000000000000000000000000010010111110|43|47
W|000000000000000000000000000000000000000000000000100000|000000000000000000000000000000000000000000000000000000000000000000000000|48|51
X|000000001000000000000000000000000000000000000000000000|000000000000000000000000000000000000000000000000000000000000000000000000|8|4
Y|010000000000000000000000000000000000000000000000000000|000000000000000000000000000000000000000000000000000000000000000000000000|1|4
Z|000000000000000000000000000000010000000000000000000000|000000000000000000000000000000000000000000000000000000000000000000000000|31|25
Z|000000000000000000000000000000010000000000000001000000|000000000000000000000000000000000000010000000000000000000000000000000000|47|43
Y|010000000000000000000000000001000000000000000000000000|001000000000000000000000000000000000000000000000000000000000000000000000|29|23
X|000000001010000000000000000000000000000000000000000000|000000010000000000000000000000000000000000000000000000000000000000000000|10|14
W|000000000000000010000000000000000000000000000000100000|000000000000000000000000000000000000000000000000000000000000000000010000|16|11
Z|000000000000000000000000000000010000000000000001000000|000000000000000000000000000000000000010000000000000000000000001000000000|31|36
W|000000000000000010000000000000000000000000000000100000|000000000000000000100000000000000000000000000000000000000000000000010000|22|16
W|000000000000000010000000000000000000000000000000100000|000000000000000000100000100000000000000000000000000000000000000000010000|44|48
W|000000000000000010000000000000000000000000000000100000|000000000000000000100000100000000000000000000000000000000000000100010000|44|40
X|000000001010000000000000000000000000000000000000000000|000000010000000010000000000000000000000000000000000000000000000000000000|9|14
W|000000000000000010000000000000000000000000000000100000|000000000000000000100000100000000000000000000000000000000100000100010000|52|48
Z|000000000000000000000000000000010000000000000001000000|000000000000000000000000000000000000010000000010000000000000001000000000|37|31
W|000000000000000010000000000000000000000000000000100000|000000000000000000100000100000000000000000000000000000000100000100011000|40|45
Z|000000000000000000000000000000010000000000000001000000|000000000000000000000000000000000000010000000011000000000000001000000000|36|41
W|000000000000000010000000000000000000000000000000100000|000000000000000000100000100000000000000000000000000000000110000100011000|39|44
Z|000000000000000000000000000000010000000000000001000000|000000000000000000000000000000000000010000000011000010000000001000000000|41|46
Z|000000000000000000000000000000010000000000000001000000|000000000000000000000000000000000000010000000011000010000000101000000000|25|19
W|000000000000000010000000000000000000000000000000100000|000000000000000000100000100000000000000000000000000000001110000100011000|11|7
X|000000001010000000000000000000000000000000000000000000|000000010000001111000000000000000000000000000000000000000000000000000000|14|19
W|000000000000000010000000000000000000000000000000100000|000000000010000000100000100000000000000000000000000000001110000100011000|45|41
W|000000000000000010000000000000000000000000000000100000|000000000010000000100000100000000000000000000000000000001111000100011000|51|47
X|000000001010000000000000000000000000000000000000000000|000000010000001111000100000000000000000000000000000000000000000000000000|13|18
W|000000000000000010000000000000000000000000000000100000|000000000010000000100000100000000000000000000000000000001111000100111000|39|34
Z|000000000000000000000000000000010000000000000001000000|000000000000000000000000000000100000010000000011000010000000101000000000|19|24
X|000000001010000000000000000000000000000000000000000000|000000010000001111001100000000000000000000000000000000000000000000000000|12|8
Z|000000000000000000000000000000010000000000000001000000|000000000000000000000000000001100000010000000011000010000000101000000000|18|24
Y|010000000000000000000000000001000000000000000000000000|011000000000000000000000001000000001000000000000000000000000000000000000|23|18
W|000000000000000010000000000000000000000000000000100000|000000000010000000100000100000000000000000000000001000001111000100111000|40|35
W|000000000000000010000000000000000000000000000000100000|000000000010000000100000100000000000000000000000001100001111000100111000|43|39
W|000000000000000010000000000000000000000000000000100000|000000000010000000100000100000000000000000000000001100011111000100111000|21|16
Z|000000000000000000000000000000010000000000000001000000|000000000000000000000000000011100000010000000011000010000000101000000000|42|46
X|000000001010000000000000000000000000000000000000000000|000000010000101111001100000000000000000000000000000000000000000000000000|17|12
X|000000001110000000000000000000000000000000000000000000|000000010000101111011100000000000000000000000000000000000000000000000000|10|6
Z|000000000000000000000000000000010000000000000001000000|000000000000000000000000000011100000010000000011000010000000111000000000|32|37
Z|000000000000000000000000000000010000000000000001000000|000000000000000000000000000011100000010000000011100010000000111000000000|30|36
X|000000001110000000000000000000000000000000000000000000|000000010100101111011100000000000000000000000000000000000000000000000000|15|20
X|000000001110000000000000000000000000000000000000000000|000000010100101111011110000000000000000000000000000000000000000000000000|20|26
Z|000000000000000000000000000000010000000000000001000000|000000000000000000000000000011100000010000000111100010000000111000000000|50|46
Z|000000000000000000000000000000010000000000000001000000|000000000000000000000000000011100000010000000111100010000000111001000000|30|35
Z|000000000000000000000000000000010000000000000001000000|000000000000000000000000000011100000010000001111100010000000111001000000|32|26
X|000000001110000000000000000000000000000000000000000000|000000010100101111011110000000001000000000000000000000000000000000000000|22|17
X|000000001110000000000000000000000000000000000000000000|000000010100101111011110010000001000000000000000000000000000000000000000|25|20
Y|000000000000000000000000000000000000000000000000100000|000000000000000000000000000000000000000000000000000000000000000000000000|48|44
Z|000000000100000000000000000000000000000000000000000000|000000000000000000000000000000000000000000000000000000000000000000000000|9|13
W|100000000000000000000000000000000000000000000000000000|000000000000000000000000000000000000000000000000000000000000000000000000|0|3
X|000000000000000000100000000000000000000000000000000000|000000000000000000000000000000000000000000000000000000000000000000000000|18|24
X|000000000000000100100000000000000000000000000000000000|000000000000000000000000000010000000000000000000000000000000000000000000|15|20
W|100000000000000000000000010000000000000000000000000000|100000000000000000000000000000000000000000000000000000000000000000000000|25|31
Z|000000000100000000000000000000100000000000000000000000|000000000000001000000000000000000000000000000000000000000000000000000000|30|35
Y|000000000000000000000000000000000000000010000000100000|000000000000000000000000000000000000000000000000000000000000000100000000|40|35
X|000000000000000100100000000000000000000000000000000000|000000000000000000000010000010000000000000000000000000000000000000000000|15|10
Z|000000000100000000000000000000100000000000000000000000|000000000000001000000000000000000000000000001000000000000000000000000000|36|30
Z|000000000100000000000000000000100000000000000000000000|000000000000001000000000000000000000000000001100000000000000000000000000|13|8
X|000000000000000100100000000000000000000000000000000000|000000000000000001000010000010000000000000000000000000000000000000000000|10|6
X|000000000000000100100000000000000000000000000000000000|000000000100000001000010000010000000000000000000000000000000000000000000|23|18
Z|000000000100000000000000000000100000000000000000000000|000000000000011000000000000000000000000000001100000000000000000000000000|29|35
X|000000000000000100100000000000000000000000000000000000|000000000100000001000010000110000000000000000000000000000000000000000000|2|6
W|100000000000000000000000010000000000000000000000000000|100000000000000000000000000000000000010000000000000000000000000000000000|0|4
Y|000000000000000000000000000000000000000010000000100000|000000000000000000000000000000000000000000000000000100000000000100000000|45|40
X|000000000000000100100000000000000000000000000000000000|000001000100000001000010000110000000000000000000000000000000000000000000|23|17
Z|000000000100000000000000000000100000000000000000000000|000000000000011000000000000000000000000000011100000000000000000000000000|9|14
Z|000000000100000000000000000000100000000000000000000000|000000000000011100000000000000000000000000011100000000000000000000000000|31|36
W|100000000000000000000000010000000000000000000000000000|110000000000000000000000000000000000010000000000000000000000000000000000|37|31
Z|000000000100000000000000000000100000000000000000000000|000000000000011100000000000000000000000000011110000000000000000000000000|14|10
X|000000000000000100100000000000000000000000000000000000|000001000100000001000010001110000000000000000000000000000000000000000000|17|12
Y|000000000000000000000000000000000000000010000000100000|000000000000000000000000000000000000000000000000000100000010000100000000|41|45
Z|000000000100000000000000000000100000000000000000000000|000000000000011110000000000000000000000000011110000000000000000000000000|9|5
X|000000000000000100100000000000000000000000000000000000|000001000100000001010010001110000000000000000000000000000000000000000000|7|12
X|000000000000000100100000000000000000000000000000000000|000001000101000001010010001110000000000000000000000000000000000000000000|2|5
W|100000000000000000000000010000000000000000000000000000|110000000000000000000000000000000000010000000001000000000000000000000000|19|25
W|100000000000000000000000010000000000000000000000000000|110000000000000000000000000000100000010000000001000000000000000000000000|37|32
X|000000000000000100100000000000000000000000000000000000|000011000101000001010010001110000000000000000000000000000000000000000000|29|23
W|100000000000000000000000010000000000000000000000000000|110000000000000000000000000000100000010000000001100000000000000000000000|19|14
Z|000000000100000000000000000000100000000000000000000000|000000001000011110000000000000000000000000011110000000000000000000000000|8|4
W|100000000000000000000000010000000000000000000000000000|110000000000000000000100000000100000010000000001100000000000000000000000|32|26
X|000000000000000100100000000000000000000000000000000000|000011000101000001010010001110000001000000000000000000000000000000000000|17|22
X|000000000000000100100000000000000000000000000000000000|000011000101000001010010011110000001000000000000000000000000000000000000|7|11
Z|000000000100000000000000000000100000000000000000000000|000000011000011110000000000000000000000000011110000000000000000000000000|1|5
Z|000000000100000000000000000000100000000000000000000000|000100011000011110000000000000000000000000011110000000000000000000000000|29|34
Z|000000000100000000000000000000100000000000000000000000|000100011000011110000000000000000000000000111110000000000000000000000000|4|1
X|000000000000000100100000000000000000000000000000000000|000011000111000001010010011110000001000000000000000000000000000000000000|22|28
Y|000000000000000000000000000000000000000010000000100000|000000000000000000000000000000000000000000000000000100000011000100000000|48|52
W|100000000000000000000000010000000000000000000000000000|110000000000000000000100000000100000011000000001100000000000000000000000|26|20
W|100000000000000000000000010000000000000000000000000000|110000000000000000000100000000101000011000000001100000000000000000000000|3|7
Z|000000000100000000000000000000100000000000000000000000|001100011000011110000000000000000000000000111110000000000000000000000000|36|41
Y|000000000000000000000000000000000000000010000000100000|000000000000000000000000000000000000000000000000000100000011000100001000|49|45
X|000000000000000100100000000000000000000000000000000000|000011000111000001010010011110000011000000000000000000000000000000000000|33|28
Z|000000000100000000000000000000100000000000000000000000|001100011000011110000000000000000000000000111110000010000000000000000000|34|39
W|100000000000000000000000010000000000000000000000000000|110000100000000000000100000000101000011000000001100000000000000000000000|19|24
W|100000000000000000000000010000000000000000000000000000|110000100000000000000100000001101000011000000001100000000000000000000000|37|42
W|000000000000000000000000100000000000000000000000000000|000000000000000000000000000000000000000000000000000000000000000000000000|24|30
X|000000000000000000000000000000000001000000000000000000|000000000000000000000000000000000000000000000000000000000000000000000000|35|29
Y|000000000000000000000000000000000000000000000000010000|000000000000000000000000000000000000000000000000000000000000000000000000|49|52
Z|000000000000000000000000000000000000000000000010000000|000000000000000000000000000000000000000000000000000000000000000000000000|46|50
Z|010000000000000000000000000000000000000000000010000000|000000000000000000000000000000000000000000000000000000000000000001000000|1|5
Y|000000000000010000000000000000000000000000000000010000|000000000000000000000000000000000000000000000000000000000000000000000100|13|8
X|000000000000000000000000000000000001000000000000100000|000000000000000000000000000000000000000000010000000000000000000000000000|48|44
W|000000000000000100000000100000000000000000000000000000|000000000000000000000000000000000000100000000000000000000000000000000000|15|10
X|000000000000000000000000000000000001000000000000100000|000000000000000000000000000000000000000000010000000000000000000100000000|39|44
Y|000000000000010000000000000000000000000000000000010000|000000000000010000000000000000000000000000000000000000000000000000000100|52|48
Z|010000000000000000000000000000000000000000000010000000|000100000000000000000000000000000000000000000000000000000000000001000000|42|46
Y|000000000000010000000000000000000000000000000000010000|000000000000010000000000000000000000000000000000000000000000000000001100|49|53
X|000000000000000000000000000000000001000000000000100000|000000000000000000000000000000000000000000010000000000001000000100000000|51|48
X|000000000000000000000000000000000001000000000000100000|000000000000000000000000000000000000000000010000000000001000000100010000|35|40
Y|000000000000010000000000000000000000000000000000010000|000000000000010000000000000000000000000000000000000000000000000000001110|8|4
Y|000000000000010000000000000000000000000000000000010000|000000010000010000000000000000000000000000000000000000000000000000001110|45|49
W|000000000000000100000000100000000000000000000000000000|000000000000000001000000000000000000100000000000000000000000000000000000|19|24
X|000000000000000000000000000000000001000000000000100000|000000000000000000000000000000000000000000010000000100001000000100010000|51|47
X|000000000000000000000000000000000001000000000000100000|000000000000000000000000000000000000000000010000000100001000000100110000|29|34
X|000000000000000000000000000000000001000000000000100000|000000000000000000000000000000000000000000110000000100001000000100110000|43|39
X|000000000000000000000000000000000001000000000000100000|000000000000000000000000000000000000000000110000000100011000000100110000|28|34
Y|000000000000010000000000000000000000000000000000010000|000000010000010000000000000000000000000000000000000000000000000010001110|4|1
X|000000000000000000000000000000000001000000000000100000|000000000000000000000000000000000000000001110000000100011000000100110000|33|28
X|000000000000000000000000000000000001000000000000100000|000000000000000000000000000000000000000011110000000100011000000100110000|39|34
X|000000000000000000000000000000000001000000000000100000|000000000000000000000000000000000000000011110000001100011000000100110000|35|30
W|000000000000000100000000100000000000000000000000000000|000000000000000001000000000001000000100000000000000000000000000000000000|19|14
Y|000000000000010000000000000000000000000000000000010000|001000010000010000000000000000000000000000000000000000000000000010001110|12|8
W|000000000000000100000000100000000000000000000000000000|000000000000000001000100000001000000100000000000000000000000000000000000|18|24
W|000000000000000100000000100000000000000000000000000000|000000000000000001000100000011000000100000000000000000000000000000000000|19|25
W|000000000000000100000000100000000000000000000000000000|000000000000000001000100000011100000100000000000000000000000000000000000|9|14
Y|000000000000010000000000000000000000000000000000010000|001000010000110000000000000000000000000000000000000000000000000010001110|4|0
W|000000000000000100000000100000000000000000000000000000|000000000000000101000100000011100000100000000000000000000000000000000000|14|10
X|000000000000000000000000000000000001000000000000100000|000000000000000000000000000000000000000011111000001100011000000100110000|38|43
X|000000000000000000000000000000000001000000000000100000|000000000000000000000000000000000000000011111000001100111000000100110000|36|30
X|000000000000000000000000000000000001000000000000100000|000000000000000000000000000000000000000011111100001100111000000100110000|29|23
W|000000000000000100000000100000000000000000000000000000|000000000000000111000100000011100000100000000000000000000000000000000000|20|15
W|000000000000000100000000100000000000000000000000000000|000000000000000111000110000011100000100000000000000000000000000000000000|23|18
Z|010000000000000000000000000000000000000000000010000000|000100000000000000000000000000000000000000000000000000000000010001000000|5|9
Y|000000000000010000000000000000000000000000000000010000|011000010000111000001000000000000000000000000000000000000000000010001110|53|50
W|000000000000000100000000100000000000000000000000000000|000000000000000111000110000111100000100000000000000000000000000000000000|23|17
W|000000000000000100000000100000000000000000000000000000|000000000000000111000110001111100000100000000000000000000000000000000000|31|25
W|000000000000000100000000100000000000000000000000000000|000000000000000111000110001111100000110000000000000000000000000000000000|26|20
Y|000000000000010000000000000000000000000000000000010000|011000010000111000001000000000000000000000000000000000000000000010001111|17|12
W|000000000000000100000000100000000000000000000000000000|000000000000000111000110001111101000110000000000000000000000000000000000|17|22
W|000000000000000100000000100000000000000000000000000000|000000000000000111000110011111101000110000000000000000000000000000000000|16|22
Y|000000000000010000000000000000000000000000000000010000|011000010000111000011000000000000000000000000000000000000000000010001111|40|45
Y|000000000000010000000000000000000000000000000000010000|011000010000111000011000000000000000000000000000000000000010000010001111|7|12
Z|010000000000000000000000000000000000000000000010000000|000100001000000000000000000000000000000000000000000000000000010001000000|5|2
Y|000000000000000000000000000000000000000000000100000000|000000000000000000000000000000000000000000000000000000000000000000000000|45|40
Z|000000000000000000000000000000000000000000000000000100|000000000000000000000000000000000000000000000000000000000000000000000000|51|47
W|000000000000000000000000000000000001000000000000000000|000000000000000000000000000000000000000000000000000000000000000000000000|35|30
X|000000000000000000000000000000000000001000000000000000|000000000000000000000000000000000000000000000000000000000000000000000000|38|33
X|000010000000000000000000000000000000001000000000000000|000000000000000000000000000000000000000000000000010000000000000000000000|4|1
W|000000000000000000000100000000000001000000000000000000|000000000000000000000000000000000000000000001000000000000000000000000000|21|27
Z|000000000000000000100000000000000000000000000000000100|000000000000000000000000000000000000000000000000000000000000000000100000|18|13
Y|000000000000000000010000000000000000000000000100000000|000000000000000000000000000000000000000000000000000000000010000000000000|19|14
Y|000000000000000000010000000000000000000000000100000000|000000000000000000000100000000000000000000000000000000000010000000000000|40|35
Y|000000000000000000010000000000000000000000000100000000|000000000000000000000100000000000000000000000000000100000010000000000000|10|14
X|000010000000000000000000000000000000001000000000000000|001000000000000000000000000000000000000000000000010000000000000000000000|28|33
Z|000000000000000000100000000000000000000000000000000100|000000000000000000001000000000000000000000000000000000000000000000100000|43|47
Y|000000000000000000010000000000000000000000000100000000|000000000000000010000100000000000000000000000000000100000010000000000000|14|9
W|000000000000000000000100000000000001000000000000000000|000000000000000000000000000000000100000000001000000000000000000000000000|36|30
Y|000000000000000000010000000000000000000000000100000000|000000000000000110000100000000000000000000000000000100000010000000000000|19|25
Z|000000000000000000100000000000000000000000000000000100|000000000000000000001000000000000000000000000000000000000000001000100000|51|48
Y|000000000000000000010000000000000000000000000100000000|000000000000000110000100000000100000000000000000000100000010000000000000|24|19
Y|000000000000000000010000000000000000000000000100000000|000000000000000110000100000001100000000000000000000100000010000000000000|31|25
Y|000000000000000000010000000000000000000000000100000000|000000000000000110000100000001100000010000000000000100000010000000000000|45|49
Z|000000000000000000100000000000000000000000000000000100|000000000000000000001000000000000000000000000000000000000000001000110000|18|23
Y|000000000000000000010000000000000000000000000100000000|000000000000000110000100000001100000010000000000000100000010000010000000|24|18
Z|000000000000000000100000000000000000000000000000000100|000000000000000000001000000100000000000000000000000000000000001000110000|13|9
X|000010000000000000000000000000000000001000000000000000|001000000000000000000000000000000000000010000000010000000000000000000000|4|0
W|000000000000000000000100000000000001000000000000000000|000000000000000000000000000000000100000000001100000000000000000000000000|21|16
Y|000000000000000000010000000000000000000000000100000000|000000000000000110000100000011100000010000000000000100000010000010000000|44|40
Y|000000000000000000010000000000000000000000000100000000|000000000000000110000100000011100000010000000000000100000110000010000000|25|20
Z|000000000000000000100000000000000000000000000000000100|000000000000001000001000000100000000000000000000000000000000001000110000|29|23
Y|000000000000000000010000000000000000000000000100000000|000000000000000110000100000011110000010000000000000100000110000010000000|20|15
Y|000000000000000000010000000000000000000000000100000000|000000000000000110000110000011110000010000000000000100000110000010000000|41|45
Y|000000000000000000010000000000000000000000000100000000|000000000000000110000110000011110000010000000000000100000111000010000000|39|44
Z|000000000000000000100000000000000000000000000000000100|000000000000001000001000000100000001000000000000000000000000001000110000|52|48
W|000000000000000000000100000000000001000000000000000000|000000000000000000000001000000000100000000001100000000000000000000000000|29|35
X|000010000000000000000000000000000000001000000000000000|011000000000000000000000000000000000000010000000010000000000000000000000|33|27
X|000000000000000000000000000000000001000000000000000000|000000000000000000000000000000000000000000000000000000000000000000000000|35|29
Y|000000000000000000000000000000000000000000010000000000|000000000000000000000000000000000000000000000000000000000000000000000000|43|39
Z|001000000000000000000000000000000000000000000000000000|000000000000000000000000000000000000000000000000000000000000000000000000|2|6
W|000000000000000000000000000000000000000000001000000000|000000000000000000000000000000000000000000000000000000000000000000000000|44|48
W|000000000000000000000000000000000000000000001100000000|000000000000000000000000000000000000000000000000000000000000000100000000|45|49
Z|001000001000000000000000000000000000000000000000000000|000001000000000000000000000000000000000000000000000000000000000000000000|8|4
Y|000000000001000000000000000000000000000000010000000000|000000000000000000000000000000000000000000000000000000010000000000000000|11|16
X|000000000000000000000000001000000001000000000000000000|000000000000000000000000000000000000000000010000000000000000000000000000|26|20
X|000000000000000000000000001000000001000000000000000000|000000000000000000000000000000001000000000010000000000000000000000000000|20|15
Y|000000000001000000000000000000000000000000010000000000|000000000000000000100000000000000000000000000000000000010000000000000000|43|47
X|000000000000000000000000001000000001000000000000000000|000000000000000000000010000000001000000000010000000000000000000000000000|23|29
Y|000000000001000000000000000000000000000000010000000000|000000000000000000100000000000000000000000000000000000010000001000000000|34|39
Y|000000000001000000000000000000000000000000010000000000|000000000000000000100000000000000000000000000000001000010000001000000000|28|34
X|000000000000000000000000001000000001000000000000000000|000000000000000000000010000000001001000000010000000000000000000000000000|26|32
X|000000000000000000000000001000000001000000000000000000|000000000000000000000010000000001001001000010000000000000000000000000000|40|35
Y|000000000001000000000000000000000000000000010000000000|000000000000000000100000000000000000000001000000001000010000001000000000|47|51
X|000000000000000000000000001000000001000000000000000000|000000000000000000000010000000001001001000010000000100000000000000000000|37|32
X|000000000000000000000000001000000001000000000000000000|000000000000000000000010000000001001001000010000100100000000000000000000|23|17
Z|001000001000000000000000000000000000000000000000000000|000001010000000000000000000000000000000000000000000000000000000000000000|5|2
Y|000000000001000000000000000000000000000000010000000000|000000000000000000100000000000000000000001000000001000010000001000100000|28|33
X|000000000000000000000000001000000001000000000000000000|000000000000000000000010001000001001001000010000100100000000000000000000|37|42
X|000000000000000000000000001000000001000000000000000000|000000000000000000000010001000001001001000010000100101000000000000000000|46|42
Y|000000000001000000000000000000000000000000010000000000|000000000000000000100000000000000000000011000000001000010000001000100000|39|44
Y|000000000001000000000000000000000000000000010000000000|000000000000000000100000000000000000000011000000001000011000001000100000|7|11
Y|000000000001000000000000000000000000000000010000000000|000000000010000000100000000000000000000011000000001000011000001000100000|22|16
Y|000000000001000000000000000000000000000000010000000000|000000000010000000100000100000000000000011000000001000011000001000100000|34|29
X|000000000000000000000000001000000001000000000000000000|000000000000000000000010001000001001001000010000100101000000010000000000|23|18
Y|000000000001000000000000000000000000000000010000000000|000000000010000000100000100000000000000011100000001000011000001000100000|3|7
X|000000000000000000000000001000000001000000000000000000|000000000000000000000010001100001001001000010000100101000000010000000000|37|31
X|000000000000000000000000001000000001000000000000000000|000000000000000000000010001100001001001000010001100101000000010000000000|35|30
X|000000000000000000000000001000000001000000000000000000|000000000000000000000010001100001001001000011001100101000000010000000000|13|18
Y|000000000001000000000000000000000000000000010000000000|000000100010000000100000100000000000000011100000001000011000001000100000|28|22
Y|000000000001000000000000000000000000000000010000000000|000000100010000000100000100000000010000011100000001000011000001000100000|38|33
X|000000000000000000000000001000000001000000000000000000|000000000000000000001010001100001001001000011001100101000000010000000000|24|18
Y|000000000001000000000000000000000000000000010000000000|000000100010000000100000100000000010000011100000011000011000001000100000|7|12
W|000000000000000000000000000000000000000000001100000000|000000000000000000000000000000000000000000000000000000000000000110000000|49|52
Z|001000001000000000000000000000000000000000000000000000|000011010000000000000000000000000000000000000000000000000000000000000000|13|8
W|000000000000000000000000000000000000000000001100000000|000000000000000000000000000000000000000000000000000000000000000110000100|44|40
Z|001000001000000000000000000000000000000000000000000000|000011011000010100000000000000000000000000000000000000000000000000000000|9|13
W|000000000000000000000000000000000000000000001100000000|000000000000000000000000000000000000000000000000000000000100000110000100|52|48
W|000000000000000000000000000000000000000000001100000000|000000000000000000000000000000000000000000000000000000000100000110001100|53|49
W|000000000000000000000000000000000000000000001100000000|000000000000000000000000000000000000000000000000000000000100000110001110|51|48
Z|001000001000000000000000000000000000000000000000000000|000011011000011100000000000000000000000000000000000000000000000000000000|14|10
W|000000000000000000000000000000000000000000001100000000|000000000000000000000000000000000000000000000000000000000100000110011110|45|40
W|000000000000000000000000000000000000000000001100000000|000000000000000000000000000000000000000000000000000000000111000110011111|46|50
Z|001000001000000000000000000000000000000000000000000000|000011011000011110000000000000000000000000000000000000000000000000000000|5|1
W|000000000000000000000000000000000000000000001100000000|000000000000000000000000000000000000000000000000000000000111000111011111|46|41
W|000000000000000000000000000000000000000000001100000000|000000000000000000000000000000000000000000000000000000000111100111011111|41|36
W|000000000000000000000000000000000000000000001100000000|000000000000000000000000000000000000000000000000000010000111100111011111|36|31
Z|001000001000000000000000000000000000000000000000000000|000111011000011110000000000000000000000000000000000000000000000000000000|10|6
W|000000000000000000000000000000000000000000001100000000|000000000000000000000000000000000000000000000010000010000111100111011111|25|31
Z|001000001000000000000000000000000000000000000000000000|000111011100011110000000000000000000000000000000000000000000000000000000|4|1
Z|001000001000000000000000000000000000000000000000000000|001111011100011110000000000000000000000000000000000000000000000000000000|0|4
Z|001000001000000000000000000000000000000000000000000000|011111011100011110000000000000000000000000000000000000000000000000000000|10|15
Z|001000001000000000000000000000000000000000000000000000|011111011100011111000000000000000000000000000000000000000000000000000000|8|12
Z|001000001000000000000000000000000000000000000000000000|011111011100111111000000000000000000000000000000000000000000000000000000|19|14
Z|000000000000000000000000000000000000000010000000000000|000000000000000000000000000000000000000000000000000000000000000000000000|40|44
W|000000000000000000000000000000000000000000000000001000|000000000000000000000000000000000000000000000000000000000000000000000000|50|53
X|000000000000000000000000000000000000000000000000000100|000000000000000000000000000000000000000000000000000000000000000000000000|51|48
Y|000000000000000010000000000000000000000000000000000000|000000000000000000000000000000000000000000000000000000000000000000000000|16|21
Y|000000000000000010000000000000000000000100000000000000|000000000000000000000001000000000000000000000000000000000000000000000000|39|44
X|000000000000000000000000000000001000000000000000000100|000000000000000000000000000000000000000000000000000000000000000000010000|32|26
W|000000000000000000000000000000000000000000000000011000|000000000000000000000000000000000000000000000000000000000000000000000001|49|52
Z|001000000000000000000000000000000000000010000000000000|000000000000000000000000000000000000000000000000000000000100000000000000|2|6
X|000000000000000000000000000000001000000000000000000100|000000000000000000000000000000000000001000000000000000000000000000010000|48|52
Z|001000000000000000000000000000000000000010000000000000|000001000000000000000000000000000000000000000000000000000100000000000000|10|6
Y|000000000000000010000000000000000000000100000000000000|000000000000000000000001000000000000000000000000000000001000000000000000|21|27
Z|001000000000000000000000000000000000000010000000000000|000001000100000000000000000000000000000000000000000000000100000000000000|40|35
Y|000000000000000010000000000000000000000100000000000000|000000000000000000000001000000000100000000000000000000001000000000000000|34|39
Z|001000000000000000000000000000000000000010000000000000|000001000100000000000000000000000000000000000000000100000100000000000000|2|5
Z|001000000000000000000000000000000000000010000000000000|000011000100000000000000000000000000000000000000000100000100000000000000|48|44
Y|000000000000000010000000000000000000000100000000000000|000000000000000000000001000000000100000000000000001000001000000000000000|28|34
Z|001000000000000000000000000000000000000010000000000000|000011000100000000000000000000000000000000000000000100000100000100000000|1|5
X|000000000000000000000000000000001000000000000000000100|000000000000000000000000000000000000001000000000000000000000000000011000|32|37
W|000000000000000000000000000000000000000000000000011000|000000000000000000000000000000000000000000000000000000000000000000000101|49|53
Z|001000000000000000000000000000000000000010000000000000|000111000100000000000000000000000000000000000000000100000100000100000000|1|4
Z|001000000000000000000000000000000000000010000000000000|001111000100000000000000000000000000000000000000000100000100000100000000|14|10
Y|000000000000000010000000000000000000000100000000000000|000000000000000000000001000000000100000001000000001000001000000000000000|22|16
Z|001000000000000000000000000000000000000010000000000000|001111000100000010000000000000000000000000000000000100000100000100000000|10|15
Z|001000000000000000000000000000000000000010000000000000|001111000100000011000000000000000000000000000000000100000100000100000000|35|30
Y|000000000000000010000000000000000000000100000000000000|000000000000000000000001100000000100000001000000001000001000000000000000|39|43
Y|000000000000000010000000000000000000000100000000000000|000000000000000000000001100000000100000001000000001000011000000000000000|43|47
Z|001000000000000000000000000000000000000010000000000000|001111000100000011000000000000000000000000001000000100000100000100000000|36|30
Y|000000000000000010000000000000000000000100000000000000|000000000000000000000001100000000100000001000000001000011000001000000000|33|27
X|000000000000000000000000000000001000000000000000000100|000000000000000000000000000000000000001000000000100000000000000000011000|51|47
Y|000000000000000010000000000000000000000100000000000000|000000000000000000000001100000000100000101000000001000011000001000000000|33|38
Z|001000000000000000000000000000000000000010000000000000|001111000100000011000000000000000000000000001100000100000100000100000000|14|19
Y|000000000000000010000000000000000000000100000000000000|000000000000000000000001100000000100000101000000011000011000001000000000|28|33
Z|001000000000000000000000000000000000000010000000000000|001111000100000011000100000000000000000000001100000100000100000100000000|24|30
X|000000000000000000000000000000001000000000000000000100|000000000000000000000000000000000000001000000000100000000000000000111000|31|37
Z|001000000000000000000000000000000000000010000000000000|001111000100000011000100000000000000100000001100000100000100000100000000|40|45
Y|000000000000000010000000000000000000000100000000000000|000000000000000000000001100000000100000111000000011000011000001000000000|38|43
X|000000000000000000000000000000001000000000000000000100|000000000000000000000000000000000000001000000001100000000000000000111000|25|31
W|000000000000000000000000000000000000000000000000011000|000000000000000000000000000000000000000000000000000000000000000000000111|50|46
Y|000000000000000010000000000000000000000100000000000000|000000000000000000000001100000000100000111000000011000111000001000000000|17|22
W|000000000000000000000000000000000000000000000000011000|000000000000000000000000000000000000000000000000000000000000000001000111|45|49
W|000000000000000000000000000000000000000000000000011000|000000000000000000000000000000000000000000000000000000000000000011000111|46|41
Y|000000000000000010000000000000000000000100000000000000|000000000000000000000001110000000100000111000000011000111000001000000000|22|28
Y|000000000000000010000000000000000000000100000000000000|000000000000000000000001110000000110000111000000011000111000001000000000|17|23
X|000000000000000000000000000000001000000000000000000100|000000000000000000000000000000000000011000000001100000000000000000111000|36|31
X|000000000000000000000000000000001000000000000000000100|000000000000000000000000000000000000011000000011100000000000000000111000|19|25
X|000000000000000000000000000000001000000000000000000100|000000000000000000000000000000100000011000000011100000000000000000111000|36|41
W|000000000000000000000000000000000000000000000000011000|000000000000000000000000000000000000000000000000000000000000100011000111|42|46
W|000000000000000000000000000000000000000000000000011000|000000000000000000000000000000000000000000000000000000000000110011000111|37|42
W|000000000000000000000000000000000000000000000000011000|000000000000000000000000000000000000000000000000000001000000110011000111|45|41
Y|000000000000000000000000000000000000000000100000000000|000000000000000000000000000000000000000000000000000000000000000000000000|42|46
Z|000000000000000000000000000100000000000000000000000000|000000000000000000000000000000000000000000000000000000000000000000000000|27|21
W|000000000000000000000000000000000000000000000000000100|000000000000000000000000000000000000000000000000000000000000000000000000|51|48
X|000000100000000000000000000000000000000000000000000000|000000000000000000000000000000000000000000000000000000000000000000000000|6|10
X|000000100001000000000000000000000000000000000000000000|000000000100000000000000000000000000000000000000000000000000000000000000|11|7
W|000000000000000000000000000000000000000100000000000100|000000000000000000000000000000000000000000000000000000000000000000010000|39|43
Z|100000000000000000000000000100000000000000000000000000|000000000000000000000000000000000100000000000000000000000000000000000000|0|3
Y|000000000000000000000010000000000000000000100000000000|000000000000000000000000000000000000000000000000000000000000010000000000|22|17
Z|100000000000000000000000000100000000000000000000000000|100000000000000000000000000000000100000000000000000000000000000000000000|16|21
Y|000000000000000000000010000000000000000000100000000000|000000000000000000000000010000000000000000000000000000000000010000000000|17|23
W|000000000000000000000000000000000000000100000000000100|000000000000000000000000000000000000000000000000000000010000000000010000|47|43
W|000000000000000000000000000000000000000100000000000100|000000000000000000000000000000000000000000000000000000010000001000010000|47|51
Y|000000000000000000000010000000000000000000100000000000|000000000000000000010000011000000001000000000000000000000000010000000000|8|12
Z|100000000000000000000000000100000000000000000000000000|100000000000000000000001000000000100000000000000000000000000000000000000|0|4
X|000000100001000000000000000000000000000000000000000000|000000000110000000000000000000000000000000000000000000000000000000000000|2|6
Z|100000000000000000000000000100000000000000000000000000|110000000000000000000001000000000100000000000000000000000000000000000000|7|3
X|000000100001000000000000000000000000000000000000000000|000001000110000000000000000000000000000000000000000000000000000000000000|15|10
W|000000000000000000000000000000000000000100000000000100|000000000000000000000000000000000000000000000000000000010000001000110000|52|48
X|000000100001000000000000000000000000000000000000000000|000001000110000001000000000000000000000000000000000000000000000000000000|2|5
X|000000100001000000000000000000000000000000000000000000|000011000110000001000000000000000000000000000000000000000000000000000000|1|5
Z|100000000000000000000000000100000000000000000000000000|110000100000000000000001000000000100000000000000000000000000000000000000|1|4
Z|100000000000000000000000000100000000000000000000000000|111000100000000000000001000000000100000000000000000000000000000000000000|16|22
Z|100000000000000000000000000100000000000000000000000000|111000100000000000000001100000000100000000000000000000000000000000000000|16|11
X|000000100001000000000000000000000000000000000000000000|000111000110000001000000000000000000000000000000000000000000000000000000|15|20
Z|100000000000000000000000000100000000000000000000000000|111000100000000000100001100000000100000000000000000000000000000000000000|7|12
W|000000000000000000000000000000000000000100000000000100|000000000000000000000000000000000000000000000000000000010000001000111000|39|34
X|000000100001000000000000000000000000000000000000000000|000111000110000001000010000000000000000000000000000000000000000000000000|20|26
Y|000000000000000000000010000000000000000000100000000000|000000000000100000010000011000000001000000000000000000000000010000000000|42|37
X|000000100001000000000000000000000000000000000000000000|000111000110000001000010000000001000000000000000000000000000000000000000|14|10
Z|100000000000000000000000000100000000000000000000000000|111000100001000000100001100000000100000000000000000000000000000000000000|4|8
Z|100000000000000000000000000100000000000000000000000000|111000110001000000100001100000000100000000000000000000000000000000000000|27|33
Z|100000000000000000000000000100000000000000000000000000|111000110001000000100001100000000100000100000000000000000000000000000000|33|28
Z|100000000000000000000000000100000000000000000000000000|111000110001000000100001100000000100000110000000000000000000000000000000|38|33
Y|000000000000000000000010000000000000000000100000000000|000000000000100000010000011000000001000000000000000001000000010000000000|29|34
Y|000000000000000000000010000000000000000000100000000000|000000000000100000010000011000000001000000100000000001000000010000000000|46|50
X|000000100001000000000000000000000000000000000000000000|000111000110000011000010000000001000000000000000000000000000000000000000|5|9
Y|000000000000000000000010000000000000000000100000000000|000000000000100000010000011000000001000000100000000001000000010001000000|37|31
Z|100000000000000000000000000100000000000000000000000000|111000110001000000100001100000000100000110000000010000000000000000000000|28|22
Z|100000000000000000000000000100000000000000000000000000|111000110001000000100001100000000110000110000000010000000000000000000000|34|28
W|000000000000000000000000000000000000000100000000000100|000000000000000000000000000000000000000000000000001000010000001000111000|44|39
Y|000000000000000000000010000000000000000000100000000000|000000000000100000010000011000000001000000100001000001000000010001000000|32|37
W|000000000000000000000000000000000000000100000000000100|000000000000000000000000000000000000000000000000001000011000001000111000|43|38
Y|000000000000000000000010000000000000000000100000000000|000000000000100000010000011000000001000000100001100001000000010001000000|31|36
W|000000000000000000000000000000000000000100000000000100|000000000000000000000000000000000000000000000000001000111000001000111000|40|44
W|000000000000000000000000000000000000000100000000000100|000000000000000000000000000000000000000000000000001000111100001000111000|52|49
X|000000100001000000000000000000000000000000000000000000|000111001110000011000010000000001000000000000000000000000000000000000000|13|9
W|000000000000000000000000000000000000000100000000000100|000000000000000000000000000000000000000000000000001000111100001000111100|45|40
X|000000100001000000000000000000000000000000000000000000|000111001110001011000010000000001000000000000000000000000000000000000000|9|14
X|000000100001000000000000000000000000000000000000000000|000111001110001111000010000000001000000000000000000000000000000000000000|19|14
X|000000100001000000000000000000000000000000000000000000|000111001110001111000110000000001000000000000000000000000000000000000000|18|13
X|000000100001000000000000000000000000000000000000000000|000111001110001111001110000000001000000000000000000000000000000000000000|26|32
Y|000000000000000000000010000000000000000000100000000000|000000000000100000010000011000000001000000100011100001000000010001000000|23|18
Y|000000000000000000000010000000000000000000100000000000|000000000000100000010000011100000001000000100011100001000000010001000000|31|25
Y|000000000000000000000010000000000000000000100000000000|000000000000100000010000011100000001010000100011100001000000010001000000|35|29
W|000000000000000000000000000000000000000100000000000100|000000000000000000000000000000000000000000000000001000111110001000111100|49|53
W|000000000000000000000000000000000000000100000000000100|000000000000000000000000000000000000000000000000001000111111001100111110|45|49
Z|000000000000000000000000000000000000000000000000000100|000000000000000000000000000000000000000000000000000000000000000000000000|51|47
W|000000000000000000000000001000000000000000000000000000|000000000000000000000000000000000000000000000000000000000000000000000000|26|32
X|000000000000000000000000000000100000000000000000000000|000000000000000000000000000000000000000000000000000000000000000000000000|30|35
Y|000000000000001000000000000000000000000000000000000000|000000000000000000000000000000000000000000000000000000000000000000000000|14|10
Y|000000000001001000000000000000000000000000000000000000|000000000000000010000000000000000000000000000000000000000000000000000000|11|16
X|000000000000000000000000000000100000000100000000000000|000000000000000000000000000000000000000000001000000000000000000000000000|39|34
W|000000000000000000000001001000000000000000000000000000|000000000000000000000000000000000000001000000000000000000000000000000000|23|18
Z|000000000000000000000000000000000000000000000000010100|000000000000000000000000000000000000000000000000000000000000000000100000|49|45
X|000000000000000000000000000000100000000100000000000000|000000000000000000000000000000000000000000001000001000000000000000000000|29|35
Y|000000000001001000000000000000000000000000000000000000|000000000000000010100000000000000000000000000000000000000000000000000000|7|11
X|000000000000000000000000000000100000000100000000000000|000000000000000000000000000000000000000000011000001000000000000000000000|29|34
X|000000000000000000000000000000100000000100000000000000|000000000000000000000000000000000000000000111000001000000000000000000000|29|23
Y|000000000001001000000000000000000000000000000000000000|000000000010000010100000000000000000000000000000000000000000000000000000|16|21
Y|000000000001001000000000000000000000000000000000000000|000000000010000010100001000000000000000000000000000000000000000000000000|27|21
Z|000000000000000000000000000000000000000000000000010100|000000000000000000000000000000000000000000000000000000000000000010100000|53|49
W|000000000000000000000001001000000000000000000000000000|000000000000000000000000000100000000001000000000000000000000000000000000|23|17
Z|000000000000000000000000000000000000000000000000010100|000000000000000000000000000000000000000000000000000000000000000010100010|41|45
X|000000000000000000000000000000100000000100000000000000|000000000000000000000000000000000001000000111000001000000000000000000000|30|24
W|000000000000000000000001001000000000000000000000000000|000000000000000000000000001100000000001000000000000000000000000000000000|37|32
X|000000000000000000000000000000100000000100000000000000|000000000000000000000000000000000001100000111000001000000000000000000000|30|36
Z|000000000000000000000000000000000000000000000000010100|000000000000000000000000000000000000000000000000000000000001000010100010|53|50
W|000000000000000000000001001000000000000000000000000000|000000000000000000000000001100000000001000000000100000000000000000000000|20|26
X|000000000000000000000000000000100000000100000000000000|000000000000000000000000000000000001100000111100001000000000000000000000|44|39
Z|000000000000000000000000000000000000000000000000010100|000000000000000000000000000000000000000000000000000000000001000010100011|51|48
W|000000000000000000000001001000000000000000000000000000|000000000000000000000000001100001000001000000000100000000000000000000000|24|18
X|000000000000000000000000000000100000000100000000000000|000000000000000000000000000000000001100000111100001000001000000000000000|44|40
X|000000000000000000000000000000100000000100000000000000|000000000000000000000000000000000001100000111100001000001100000000000000|39|43
Z|000000000000000000000000000000000000000000000000010100|000000000000000000000000000000000000000000000000000000000001000010110011|47|43
X|000000000000000000000000000000100000000100000000000000|000000000000000000000000000000000001100000111100001000011100000000000000|19|24
Z|000000000000000000000000000000000000000000000000010100|000000000000000000000000000000000000000000000000000000000001001010110011|41|36
Y|000000000001001000000000000000000000000000000000000000|000000000010000010100001000000000100000000000000000000000000000000000000|33|27
Z|000000000000000000000000000000000000000000000000010100|000000000000000000000000000000000000000000000000000010000001001010110011|36|31
W|000000000000000000000001001000000000000000000000000000|000000000000000000000000001110001000001000000000100000000000000000000000|18|13
Z|000000000000000000000000000000000000000000000000010100|000000000000000000000000000000000000000000000010000010000001001010110011|41|46
X|000000000000000000000000000000100000000100000000000000|000000000000000000000000000001000001100000111100001000011100000000000000|38|43
X|000000000000000000000000000000100000000100000000000000|000000000000000000000000000001000001100000111100001000111100000000000000|38|33
X|000000000000000000000000000000100000000100000000000000|000000000000000000000000000001000001100000111100011000111100000000000000|28|33
Y|000000000001001000000000000000000000000000000000000000|000000000010000010100001000000000100000100000000000000000000000000000000|12|7
X|000000000000000000000000000000100100000100000000000000|000000000000000000000000000001000001100010111100011000111100000000000000|44|48
Z|000000000000000000000000000000000000000000000000010100|000000000000000000000000000000000000000000000010000010000001101010110011|46|50
Z|000000000000000000000000000000000000000000000000010100|000000000000000000000000000000000000000000000010000010000001101011110011|31|37
Y|000000000001001000000000000000000000000000000000000000|000000000011000010100001000000000100000100000000000000000000000000000000|17|12
W|000000000000000000000001001000000000000000000000000000|000000000000000000001000001110001000001000000000100000000000000000000000|8|13
Z|000000000000000000000000000000000000000000000000010100|000000000000000000000000000000000000000000000011000010000001101011110011|31|25
W|000000000000000000000001001000000000000000000000000000|000000000000010000001000001110001000001000000000100000000000000000000000|15|20
Y|000000000001001000000000000000000000000000000000000000|000000000011000010110001000000000100000100000000000000000000000000000000|10|6
Z|000000000000000000000000000000000000000000000000010100|000000000000000000000000000000000000010000000011000010000001101011110011|40|45
Y|000000000001001000000000000000000000000000000000000000|000000000111000010110001000000000100000100000000000000000000000000000000|12|8
W|000000000000000000000001001000000000000000000000000000|000000000000010000001010001110001000001000000000100000000000000000000000|10|15
Z|000000000000000000000000000000000000000000000000010100|000000000000000000000000000000000000010000000011000010000011101011110011|25|20
W|000000000000000000000001001000000000000000000000000000|000000000000011001001010001110001000001000000000100001000000000000000000|22|17
Y|000000000001001000000000000000000000000000000000000000|000000000111100010110001000000000100000100000000000000000000000000000000|6|2
Y|000000000001001000000000000000000000000000000000000000|000001000111100010110001000000000100000100000000000000000000000000000000|8|4
W|000000000000000000000001001000000000000000000000000000|000000000000011001001010011110001000001000000000100001000000000000000000|16|22
W|000000000000000000000001001000000000000000000000000000|000000000000011001001010111110001000001000000000100001000000000000000000|9|5
Y|000000000001001000000000000000000000000000000000000000|000001010111100010110001000000000100000100000000000000000000000000000000|5|2
Y|000000000001001000000000000000000000000000000000000000|000011010111100010110001000000000100000100000000000000000000000000000000|4|0
Y|000000000001001000000000000000000000000000000000000000|010011010111100010110001000000000100000100000000000000000000000000000000|3|0
W|000000000000000000010000000000000000000000000000000000|000000000000000000000000000000000000000000000000000000000000000000000000|19|24
X|000000100000000000000000000000000000000000000000000000|000000000000000000000000000000000000000000000000000000000000000000000000|6|2
Y|000000000000000000000000000001000000000000000000000000|000000000000000000000000000000000000000000000000000000000000000000000000|29|34
Z|000000000000000000000100000000000000000000000000000000|000000000000000000000000000000000000000000000000000000000000000000000000|21|27
Z|000000000000000000000100000000000000001000000000000000|000000000000000000000000000000000100000000000000000000000000000000000000|38|33
Y|000000000000000000001000000001000000000000000000000000|000000000000000000000000000000000000000000100000000000000000000000000000|20|26
X|000100100000000000000000000000000000000000000000000000|000001000000000000000000000000000000000000000000000000000000000000000000|3|0
W|000000000000100000010000000000000000000000000000000000|000000000000000000000000000001000000000000000000000000000000000000000000|12|7
W|000000000000100000010000000000000000000000000000000000|000000000001000000000000000001000000000000000000000000000000000000000000|14|19
Y|000000000000000000001000000001000000000000000000000000|000000000000000000000000000000001000000000100000000000000000000000000000|34|39
Y|000000000000000000001000000001000000000000000000000000|000000000000000000000000000000001000000000100000001000000000000000000000|43|39
Y|000000000000000000001000000001000000000000000000000000|000000000000000000000000000000001000000000100000001000010000000000000000|44|39
Y|000000000000000000001000000001000000000000000000000000|000000000000000000000000000000001000000000100000001000011000000000000000|28|34
X|000100100000000000000000000000000000000000000000000000|100001000000000000000000000000000000000000000000000000000000000000000000|10|6
Y|000000000000000000001000000001000000000000000000000000|000000000000000000000000000000001000000001100000001000011000000000000000|29|23
Y|000000000000000000001000000001000000000000000000000000|000000000000000000000000000000001001000001100000001000011000000000000000|43|38
Z|000000000000000000000100000000000000001000000000000000|000000000000000000000000000000000100000000000000010000000000000000000000|16|21
Z|000000000000000000000100000000000000001000000000000000|000000000000000000000001000000000100000000000000010000000000000000000000|33|28
Y|000000000000000000001000000001000000000000000000000000|000000000000000000000000000000001001000001100000001000111000000000000000|44|40
Y|000000000000000000001000000001000000000000000000000000|000000000000000000000000000000001001000001100000001000111100000000000000|26|32
Z|000000000000000000000100000000000000001000000000000000|000000000000000000000001000000000100000010000000010000000000000000000000|16|22
Y|000000000000000000001000000001000000000000000000000000|000000000000000000000000000000001001001001100000001000111100000000000000|20|15
Y|000000000000000000001000000001000000000000000000000000|000000000000000000000010000000001001001001100000001000111100000000000000|15|10
Y|000000000000000000001000000001000000000000000000000000|000000000000000001000010000000001001001001100000001000111100000000000000|22|28
Y|000000000000000000001000000001000000000000000000000000|000000000000000001000010000000001011001001100000001000111100000000000000|40|45
Y|000000000000000000001000000001000000000000000000000000|000000000000000001000010000000001011001001100000001000111110000000000000|10|14
X|000100100000000000000000000000000000000000000000000000|100001000100000000000000000000000000000000000000000000000000000000000000|5|2
W|000000000000100000010000000000000000000000000000000000|000000000001000000000100000001100000100000000000000000000000000000000000|18|24
W|000000000000100000010000000000000000000000000000000000|000000000001000000000100000011100000100000000000000000000000000000000000|25|31
X|000100100000000000000000000000000000000000000000000000|100011000100000000000000000000000000000000000000000000000000000000000000|1|5
W|000000000000100000010000000000000000000000000000000000|000000000001000000000100000011100000110000000000000000000000000000000000|37|31
Z|000000000000000000000100000000000000001000000000000000|000000000000000000000001100000000100000010000000010000000000000000000000|11|16
Z|000000000000000000000100000000000000001000000000000000|000000000000000000100001100000000100000010000000010000000000000000000000|11|7
X|000100100000000000000000000000000000000000000000000000|100111000100000000000000000000000000000000000000000000000000000000000000|5|9
X|000100100000000000000000000000000000000000000000000000|100111001100000000000000000000000000000000000000000000000000000000000000|14|9
Z|000000000000000000000100000000000000001000000000000000|000000000010000000100001100000000100000010000000010000000000000000000000|33|27
Z|000000000001000000000100000000000000001000000000000000|000000000010000000100001100000000100000110000000010000000000000000000000|17|22
Z|000000000001000000000100000000000000001000000000000000|000000000010000000100001110000000100000110000000010000000000000000000000|23|17
X|000100100000000000000000000000000000000000000000000000|100111001100000100000000000000000000000000000000000000000000000000000000|4|0
X|000100100000000000000000000000000000000000000000000000|110111001100000100000000000000000000000000000000000000000000000000000000|3|7
X|000100100000000000000000000000000000000000000000000000|110111101100000100000000000000000000000000000000000000000000000000000000|4|1
X|000100100000000000000000000000000000000000000000000000|111111101100000100000000000000000000000000000000000000000000000000000000|8|4
W|000000000000100000010000000000000000000000000000000000|000000000001000000000100000011100000110000011001000000000000000000000000|18|13
W|000000000000100000010000000000000000000000000000000000|000000000001000000001100000011100000110000011001000000000000000000000000|9|13
W|000000000000100000010000000000000000000000000000000000|000000000001001000001100000011100000110000011001000000000000000000000000|18|23
X|000100100000000000000000000000000000000000000000000000|111111111100000100000000000000000000000000000000000000000000000000000000|8|12
X|000100100000000000000000000000000000000000000000000000|111111111100100100000000000000000000000000000000000000000000000000000000|17|12
